id,send_time,receive_time,difference
0,1687789730,1687789731,1
1,1687789733,1687789737,4
2,1687789736,1687789743,7
3,1687789739,1687789749,10
4,1687789743,1687789754,11
5,1687789746,1687789759,13
6,1687789749,1687789766,17
7,1687789752,1687789772,20
8,1687789755,1687789778,23
9,1687789758,1687789784,26
10,1687789761,1687789790,29
11,1687789764,1687789796,32
12,1687789767,1687789802,35
13,1687789770,1687789808,38
14,1687789773,1687789815,42
15,1687789776,1687789821,45
16,1687789779,1687789827,48
17,1687789782,1687789833,51
18,1687789785,1687789839,54
19,1687789788,1687789845,57
20,1687789791,1687789851,60
21,1687789794,1687789858,64
22,1687789797,1687789864,67
23,1687789800,1687789870,70
24,1687789803,1687789876,73
25,1687789806,1687789881,75
26,1687789809,1687789887,78
27,1687789812,1687789893,81
28,1687789815,1687789899,84
29,1687789818,1687789906,88
30,1687789821,1687789912,91
31,1687789824,1687789918,94
32,1687789827,1687789924,97
33,1687789830,1687789930,100
34,1687789833,1687789936,103
35,1687789836,1687789942,106
36,1687789839,1687789949,110
37,1687789842,1687789955,113
38,1687789845,0,-1687789845
39,1687789848,1687789961,113
40,1687789851,0,-1687789851
41,1687789854,1687789967,113
42,1687789857,0,-1687789857
43,1687789860,1687789973,113
44,1687789863,0,-1687789863
45,1687789866,1687789979,113
46,1687789869,0,-1687789869
47,1687789872,1687789985,113
48,1687789875,0,-1687789875
49,1687789878,1687789992,114
50,1687789881,1687789998,117
51,1687789884,0,-1687789884
52,1687789887,1687790003,116
53,1687789890,0,-1687789890
54,1687789893,0,-1687789893
55,1687789896,1687790009,113
56,1687789899,0,-1687789899
57,1687789902,0,-1687789902
58,1687789905,0,-1687789905
59,1687789908,1687790021,113
60,1687789911,0,-1687789911
61,1687789914,1687790027,113
62,1687789917,0,-1687789917
63,1687789920,1687790033,113
64,1687789923,0,-1687789923
65,1687789926,1687790040,114
66,1687789929,0,-1687789929
67,1687789932,1687790046,114
68,1687789935,0,-1687789935
69,1687789938,1687790052,114
70,1687789941,0,-1687789941
71,1687789944,1687790058,114
72,1687789947,0,-1687789947
73,1687789950,1687790064,114
74,1687789953,0,-1687789953
75,1687789956,1687790070,114
76,1687789959,0,-1687789959
77,1687789962,1687790076,114
78,1687789965,0,-1687789965
79,1687789968,1687790083,115
80,1687789971,0,-1687789971
81,1687789974,1687790089,115
82,1687789977,0,-1687789977
83,1687789980,1687790095,115
84,1687789983,0,-1687789983
85,1687789986,1687790101,115
86,1687789989,0,-1687789989
87,1687789992,1687790107,115
88,1687789995,0,-1687789995
89,1687789998,1687790113,115
90,1687790001,0,-1687790001
91,1687790004,1687790119,115
92,1687790007,0,-1687790007
93,1687790010,1687790125,115
94,1687790013,0,-1687790013
95,1687790016,1687790131,115
96,1687790019,0,-1687790019
97,1687790022,1687790136,114
98,1687790025,0,-1687790025
99,1687790028,1687790142,114
100,1687790031,0,-1687790031
101,1687790034,0,-1687790034
102,1687790037,0,-1687790037
103,1687790040,0,-1687790040
104,1687790043,0,-1687790043
105,1687790046,0,-1687790046
106,1687790049,0,-1687790049
107,1687790052,0,-1687790052
108,1687790055,0,-1687790055
109,1687790058,0,-1687790058
110,1687790061,0,-1687790061
111,1687790064,0,-1687790064
112,1687790067,0,-1687790067
113,1687790070,0,-1687790070
114,1687790073,0,-1687790073
115,1687790076,0,-1687790076
116,1687790079,0,-1687790079
117,1687790082,1687790148,66
118,1687790085,0,-1687790085
119,1687790088,0,-1687790088
120,1687790092,0,-1687790092
121,1687790095,0,-1687790095
122,1687790098,0,-1687790098
123,1687790101,0,-1687790101
124,1687790104,0,-1687790104
125,1687790107,0,-1687790107
126,1687790110,0,-1687790110
127,1687790113,0,-1687790113
128,1687790116,0,-1687790116
129,1687790119,0,-1687790119
130,1687790122,0,-1687790122
131,1687790125,0,-1687790125
132,1687790128,0,-1687790128
133,1687790131,0,-1687790131
134,1687790134,0,-1687790134
135,1687790137,0,-1687790137
136,1687790140,0,-1687790140
137,1687790143,0,-1687790143
138,1687790146,0,-1687790146
139,1687790149,0,-1687790149
140,1687790152,1687790155,3
141,1687790155,0,-1687790155
142,1687790158,0,-1687790158
143,1687790161,0,-1687790161
144,1687790164,1687790164,0
145,1687790167,0,-1687790167
146,1687790170,0,-1687790170
147,1687790173,1687790173,0
148,1687790176,0,-1687790176
149,1687790179,0,-1687790179
150,1687790182,1687790182,0
151,1687790185,1687790188,3
152,1687790188,1687790194,6
153,1687790191,1687790201,10
154,1687790194,1687790207,13
155,1687790197,1687790213,16
156,1687790200,1687790219,19
157,1687790203,1687790225,22
158,1687790206,1687790231,25
159,1687790209,1687790237,28
160,1687790212,1687790243,31
161,1687790215,1687790250,35
162,1687790218,1687790256,38
163,1687790221,1687790262,41
164,1687790224,1687790267,43
165,1687790227,1687790273,46
166,1687790230,1687790279,49
167,1687790233,1687790285,52
168,1687790236,1687790292,56
169,1687790239,1687790298,59
170,1687790242,1687790304,62
171,1687790245,1687790310,65
172,1687790248,1687790316,68
173,1687790251,1687790322,71
174,1687790254,1687790328,74
175,1687790257,1687790334,77
176,1687790260,1687790341,81
177,1687790263,1687790347,84
178,1687790266,1687790353,87
179,1687790269,1687790358,89
180,1687790272,1687790364,92
181,1687790275,1687790370,95
182,1687790278,1687790376,98
183,1687790281,1687790383,102
184,1687790284,1687790388,104
185,1687790287,1687790393,106
186,1687790290,0,-1687790290
187,1687790293,1687790398,105
188,1687790296,0,-1687790296
189,1687790299,1687790404,105
190,1687790302,0,-1687790302
191,1687790305,1687790410,105
192,1687790308,0,-1687790308
193,1687790311,1687790416,105
194,1687790314,0,-1687790314
195,1687790317,1687790422,105
196,1687790320,0,-1687790320
197,1687790323,1687790429,106
198,1687790326,0,-1687790326
199,1687790329,1687790435,106
200,1687790332,0,-1687790332
201,1687790335,1687790441,106
202,1687790338,0,-1687790338
203,1687790341,1687790447,106
204,1687790344,0,-1687790344
205,1687790347,1687790453,106
206,1687790350,0,-1687790350
207,1687790353,1687790459,106
208,1687790356,0,-1687790356
209,1687790359,1687790465,106
210,1687790362,0,-1687790362
211,1687790365,1687790472,107
212,1687790368,0,-1687790368
213,1687790371,1687790478,107
214,1687790374,0,-1687790374
215,1687790377,1687790484,107
216,1687790380,0,-1687790380
217,1687790383,1687790490,107
218,1687790386,0,-1687790386
219,1687790389,1687790496,107
220,1687790392,0,-1687790392
221,1687790395,1687790502,107
222,1687790398,1687790508,110
223,1687790401,0,-1687790401
224,1687790404,1687790515,111
225,1687790407,0,-1687790407
226,1687790410,1687790520,110
227,1687790413,0,-1687790413
228,1687790416,1687790526,110
229,1687790419,0,-1687790419
230,1687790422,1687790532,110
231,1687790425,0,-1687790425
232,1687790428,1687790538,110
233,1687790431,0,-1687790431
234,1687790434,1687790544,110
235,1687790437,0,-1687790437
236,1687790440,0,-1687790440
237,1687790443,1687790550,107
238,1687790446,0,-1687790446
239,1687790449,1687790556,107
240,1687790452,0,-1687790452
241,1687790455,1687790563,108
242,1687790458,0,-1687790458
243,1687790461,1687790569,108
244,1687790465,0,-1687790465
245,1687790468,1687790575,107
246,1687790471,0,-1687790471
247,1687790474,1687790581,107
248,1687790477,0,-1687790477
249,1687790480,1687790587,107
250,1687790483,0,-1687790483
251,1687790486,1687790593,107
252,1687790489,0,-1687790489
253,1687790492,1687790599,107
254,1687790495,0,-1687790495
255,1687790498,1687790606,108
256,1687790501,0,-1687790501
257,1687790504,1687790612,108
258,1687790507,0,-1687790507
259,1687790510,1687790618,108
260,1687790513,0,-1687790513
261,1687790516,1687790624,108
262,1687790519,0,-1687790519
263,1687790522,1687790630,108
264,1687790525,0,-1687790525
265,1687790528,1687790636,108
266,1687790531,0,-1687790531
267,1687790534,1687790641,107
268,1687790537,0,-1687790537
269,1687790540,1687790647,107
270,1687790543,0,-1687790543
271,1687790546,1687790653,107
272,1687790549,0,-1687790549
273,1687790552,1687790659,107
274,1687790555,0,-1687790555
275,1687790558,1687790665,107
276,1687790561,0,-1687790561
277,1687790564,1687790671,107
278,1687790567,0,-1687790567
279,1687790570,1687790677,107
280,1687790573,0,-1687790573
281,1687790576,1687790683,107
282,1687790579,0,-1687790579
283,1687790582,1687790689,107
284,1687790585,0,-1687790585
285,1687790588,1687790696,108
286,1687790591,0,-1687790591
287,1687790594,1687790702,108
288,1687790597,0,-1687790597
289,1687790600,1687790708,108
290,1687790603,0,-1687790603
291,1687790606,1687790714,108
292,1687790609,0,-1687790609
293,1687790612,1687790720,108
294,1687790615,0,-1687790615
295,1687790618,1687790726,108
296,1687790621,0,-1687790621
297,1687790624,1687790732,108
298,1687790627,0,-1687790627
299,1687790630,1687790739,109
