generation time,receive time,difference
1688548290,1688548362,72
1688548350,1688548442,92
1688548410,1688548518,108
1688548470,1688548596,126
1688548590,1688548676,86
1688548650,1688548754,104
1688548710,1688548833,123
1688548830,1688548913,83
1688548770,1688548993,223
1688548530,1688549073,543
