generation time,receive time,difference
1688551725,1688551798,73
1688551785,1688551876,91
1688551845,1688551956,111
1688551905,1688552034,129
1688552025,1688552114,89
1688552085,1688552192,107
1688552145,1688552269,124
1688552265,1688552350,85
1688552205,1688552430,225
1688551965,1688552510,545
