AoI
352
382
412
442
472
502
532
383
413
443
473
503
533
385
415
445
475
505
535
387
417
447
477
507
537
388
418
448
478
508
